918
174
752
130
377
232
310
565
982
527
546
684
626
158
849
871
818
638
051
289
002
928
845
047
029
096
605
720
577
482
924
132
732
672
398
951
771
791
929
194
180
901
499
512
013
342
483
794
974
392
828
035
680
646
031
629
659
095
648
346
425
374
962
472
599
766
799
133
604
000
839
017
429
137
366
286
939
993
650
078
026
313
368
166
803
904
654
838
493
128
670
971
036
649
560
792
840
787
461
855
450
960
168
465
480
811
080
375
603
858
449
269
456
311
640
293
112
883
283
046
705
778
240
613
135
886
809
682
067
881
384
694
033
460
570
061
658
025
938
006
594
231
528
947
345
553
010
063
582
326
082
003
511
457
969
701
418
001
543
324
544
288
334
884
318
072
378
911
091
880
976
540
037
090
407
458
995
618
306
894
121
117
751
978
102
007
364
953
742
991
844
192
788
624
252
014
776
727
414
297
268
018
755
287
637
829
696
945
391
909
220
260
138
209
728
073
952
165
625
912
111
278
506
417
848
832
841
383
876
961
786
531
710
810
885
998
390
279
790
396
445
406
763
509
932
430
212
146
162
088
466
145
679
316
183
937
983
218
019
321
959
233
370
327
262
887
562
004
846
550
084
335
351
578
478
944
676
030
529
501
200
747
226
895
108
011
651
712
124
126
404
740
900
545
612
709
009
464
247
568
191
447
253
812
661
966
089
634
136
927
484
585
092
830
598
068
765
519
369
888
873
671
409
756
271
591
290
667
564
444
371
902
669
223
214
823
008
053
015
950
948
691
016
930
081
207
865
556
488
789
515
502
148
574
836
753
005
020
201
419
660
777
814
208
850
773
085
785
862
954
617
228
118
748
479
843
693
804
726
348
497
697
295
012
896
551
052
853
583
975
602