061
074
028
473
038
352
212
044
434
256
057
194
621
045
752
976
327
208
883
309
553
255
827
193
747
000
035
361
932
033
149
039
809
765
188
280
489
448
055
420
009
417
249
157
496
165
706
213
003
248
278
709
635
051
251
287
335
202
053
148
124
712
409
405
399
177
502
453
277
224
360
997
040
250
019
217
341
987
518
161
246
127
451
349
398
150
113
727
184
391
986
151
357
846
171
876
013
181
393
090
910
379
054
163
887
279
580
512
133
169
071
376
824
125
338
241
139
282
221
094
043
632
141
131
243
158
318
037
416
585
365
375
388
260
348
101
586
240
108
419
119
129
097
704
337
295
447
136
160
396
999
105
230
501
531
667
289
415
088
142
400
428
122
153
497
900
299
031
425
068
411
186
915
487
414
164
252
276
853
607
238
134
749
034
209
784
316
290
223
898
191
520
082
297
063
314
683
860
267
323
220
786
771
412
259
018
143
823
239
775
099
888
032
225
599
893
962
700
856
350
170
322
392
408
195
367
697
211
965
819
098
056
263
324
503
363
616
689
197
777
110
981
226
772
839
311
825
138
941
244
270
284
178
449
387
332
914
356
215
219
115
524
721
025
182
111
320
640
002
123
793
264
480
466
686
024
046
426
867
206
273
370
410
372
662
355
253
257
062
218
326
969
011
096
813
343
624
014
729
523
739
269
642
087
797
147
268
538
620
954
196
659
346
422
210
001
880
491
227
854
331
670
608
298
100
334
899
029
304
550
668
312
308
159
402
026
293
629
247
017
078
288
291
377
121
306
175
052
047
924
300
292
382
353
203
581
198
104
005
330
829
313
675
192
254
371
403
066
394
172
404
383
484
333
989
201
216
534
710
200
102
587
446
189
214
083
720
069
146
895
362
732
021
118
271
095
406
286
760
176
010
283
076
325
137
358
630
183
401
340
639
086
135
713
156
231
315
741
472
718
971
015
077
593
369
004
235
008
107
204
307
983
319
967
222
064
187
961
750
060
374
996
407
228
805
041
130
347
085
092
236
285
328
389
354
541
974
081
242
117
339
167
459
075
818
336
884
091
072
310
869
073
036
421
921
525
701
745
079
262
207
128
499
174
494
329
364
059
265
385
302
180
671
232
470
162
296
344
782
384
458
016
351
576
693
441
022
368
190
873
317
234
682
093
430
144
728
469
832
583
155
460
455
917
395
023
065
644
707
229
703
321
495
558
526
373
643
301
359
166
020
837
436
413
205
936
067
272
582
303
691
070
380
168
366
423
821
237
116
418
120
390
080
199
275
173
049
266
152
006
103
112
281
294
042
114
345
424
342
828
106
942
274
030
716
261
378
606
126
258
901
628
179
048
610
154
132
978
467
305
089
145
109
245
058
386
050
084
535
007
185
397
140
838
552
233
381
542
427
569
842
027
622
562
982
012