7682
6486
7850
7952
2703
7951
2827
7053
9310
1763
4351
3491
5804
1896
7891
9209
9569
8463
8128
1558
4708
3337
0292
2795
8933
7481
1985
3714
3371
0553
1806
5181
7555
0905
8038
0256
8394
6221
7998
1141
1724
9454
0135
0206
4930
0440
1085
4758
7030
0915
2924
8413
3973
2408
6949
0046
7770
7652
0607
4290
4774
5932
6875
2689
7544
0045
6403
5627
8664
5920
6049
1938
6565
6425
2369
4695
4808
0674
1337
1203
4227
6133
4874
0579
5925
2158
0755
6541
1017
4034
6663
0866
3744
7326
4966
8696
3336
4647
0789
4016
8630
3254
8019
3807
1016
9333
4528
2934
3188
8554
4471
2050
6670
2661
4226
7242
4657
3028
1345
7219
5052
2851
5330
3217
7925
4848
8858
2219
5044
1579
4812
6445
8332
7736
2847
0600
2096
4752
2679
0076
7068
5789
2386
3873
3066
1796
0390
5109
4086
2857
3536
2706
6931
3011
8291
3597
3381
4816
0627
0358
7786
4853
5713
8186
3895
4212
4455
3383
7877
5758
5535
0258
5355
4672
1303
7595
3958
9880
1253
3683
6807
0525
3182
0404
1935
5680
0001
1686
4761
8197
2234
2737
0767
3052
5516
7531
9552
6990
2084
6564
4967
7779
1998
7584
6641
6074
6264
5453
2325
6434
6957
6442
5409
1745
6926
5227
6111
8109
6066
4570
9434
1508
1226
2539
5030
1202
1393
8690
6754
8537
2655
0078
4654
8418
2586
7651
7438
4889
8171
5930
8141
8241
5092
1643
2768
0367
8514
2870
9067
8784
3820
2373
4648
3246
6742
7954
0209
1657
4037
0248
3083
2228
3687
9005
0939
8576
2625
5417
7491
6397
0249
7343
4926
3045
3526
8507
7630
6421
3143
7429
7538
5088
0618
8373
2560
5688
8493
3729
6877
5221
4961
5752
0442
6812
4253
8436
2126
7415
1283
4306
0543
0476
2593
0622
6224
4735
3141
1450
6103
5404
3690
4668
1125
3912
7971
3759
4331
8013
0487
3583
6348
5663
0238
7419
1710
4745
0327
3023
2497
0036
4834
0860
2583
8982
7059
0511
7840
8189
8411
4679
6058
8256
6209
3839
1651
5400
4092
8384
1566
7123
6443
7401
5058
4036
2091
7947
7012
6512
8798
4244
0509
1138
5806
7920
0153
1639
4427
8397
4448
0517
4995
3525
4175
6407
2006
3275
5472
8604
6531
3825
2840
8288
2151
5134
7697
7432
4028
1895
4138
2435
5191
4394
1340
6844
8315
1094
6113
2683
2093
4224
8012
9855
0918
7799
8072
8258
9828
2378
1510
0970
6302
8088
1524
2975
6826
9369
3718
3869
1599
8986
4772
4527
5835
2540
4206
3376
2951
7409
4397
1321
6305
1474
7272
2998
8319
3233
8112
7698
0747
6860
7578
2488
0884
3592
7085
1271
1449
0338
2137
0484
1451
3756
4214
3089
0687
0066
0746
1143
4892
3974
6544
8457
7372
8049
8034
6857
1850
1156
0103
7285
2777
1485
4477
7249
2784
6966
9291
5368
6344
0384
7377
2673
1473
8014
4486
3977
3801
1879
1460
7488
7192
1910
6604
0855
1795
7379
5865
6786
0623
3171
5974
8741
9536
2978
2698
0500
0007
1902
2829
2965
4487
2310
6362
4435
8975
6420
4725
7101
1012
2645
3618
2568
5905
1854
7499
6188
7474
0448
4417
0506
4739
3056
6702
5242
4003
2506
6974
0129
4499
4112
3106
5776
5655
2507
0852
6745
7708
6866
2476
4627
3693
6724
4768
3442
0457
3879
3408
0105
3799
7853
1294
1905
3686
7829
3357
3042
5458
5479
0823
0402
5280
7505
3722
4013
9515
6660
7080
3543
8340
6333
5622
6941
1186
7264
1050
1058
9061
2288
7245
4790
2911
0037
1913
1264
3705
0922
7169
9274
4002
4543
1598
9284
4577
1707
3174
9701
2061
2917
6534
4139
1372
2346
3703
2211
1317
5209
4631
2622
5958
8105
3293
6230
2751
3353
1242
7088
5791
1533
2885
3947
0990
6145
6281
7537
1969
8244
5025
3717
5542
6795
1534
6459
1671
6294
1212
3573
4452
6880
3680
7487
0596
5543
4437
6291
2417
4346
1858
0829
3199
6535
4324
5166
4827
7959
8129
6037
5614
8331
3749
6488
7820
7281
4210
6709
8285
7978
1693
4652
5522
6868
1165
0423
0212
4201
0750
5333
2442
7361
8453
9772
6343
3094
1428
8535
4332
4149
6636
6527
4809
9412
6608
9547
5145
8763
2628
2541
1105
1839
2674
5357
6493
6986
4512
1747
1081
8275
3611
5296
7174
8307
7794
1750
2173
0635
0474
3628
3444
0987
2618
0369
0555
0227
6896
1347
9839
6497
5086
6595
6629
6327
1185
5725
5565
3432
0878
3295
7095
5277
7347
6256
4114
7522
1334
4462
0233
1117
0388
6244
7158
0826
3832
0735
7342
9226
1576
7948
5640
8045
0296
3473
5967
0348
1229
1991
5350
1320
1690
8084
5993
7045
3774
5132
4069
1735
5888
1111
0164
0286
0298
0982
1537
5131
7612
2505
7471
0806
0587
6948
1167
4280
6233
1104
4754
3348
6555
1417
6345
6056
5276
6691
1376
9618
6776
4792
7852
0278
6627
0649
0803
8208
4726
3154
2510
2960
2528
9833
0762
5668
6787
0443
2149
2677
1691
8562
4293
5188
7397
5781
2626
8978
3741
0713
0684
1687
0353
8491
9261
2326
0844
4533
9264
1886
0199
5834
6619
3012
5074
9409
4172
7762
6073
4628
6460
3547
4773
8215
8375
6139
2521
5539
4391
6758
0865
7172
4466
1282
2452
8277
5687
8090
4279
6830
5337
5859
7726
4143
2469
1255
7170
8194
7949
6883
1634
3624
4806
3621
1482
4429
7367
7204
6413
9718
4633
1680
1752
8473
4291
6711
9698
8482
9225
6513
3644
8876
7807
0167
5685
4659
8529
8761
9132
1769
4414
0141
7962
1388
9092
1583
3236
7795
5594
1692
1124
7423
5802
6978
1562
7676
1549
1352
5796
1738
7671
4585
8024
6939
2914
6052
9679
4011
6084
0647
2881
0739
2428
8219
8165
3519
0679
5524
5561
5463
1257
8550
5246
8257
7203
9994
0363
0858
0418
5234
1263
4502
0205
1711
5210
9769
8091
2062
4616
0822
5741
4600
3450
5780
1091
2733
1919
0486
4944
0642
6572
7196
1293
0408
0566
4530
2820
4298
4908
2339
5959
6586
9277
4683
1952
4385
0861
2315
1654
4819
1235
3289
1131
5425
1970
4919
0956
5567
5814
2347
2792
0809
2793
3507
5593
3475
0188
3689
5426
4343
3535
4869
3335
1893
4241
1246
1872
2207
5580
7056
1713
5699
8649
5429
0410
2834
7579
3304
0612
7839
7395
1171
5682
8080
3187
0473
1646
3696
7244
1386
7802
3905
5439
8245
3076
4879
6285
4733
5089
2711
8400
1245
8971
2174
0637
7271
5943
1290
0483
3868
2799
6231
2483
1876
5486
4178
0060
8065
1387
7109
5205
0505
2946
6769
1491
8353
5779
1073
5590
7742
5982
3359
3347
1521
7327
3302
3494
3662
4718
0891
5411
7337
7001
2974
1673
5388
4197
5305
2766
1768
7331
4702
8474
8559
5800
5570
4317
7945
8485
2138
0913
5938
6391
6035
0042
8573
2145
5197
2502
1182
5759
4261
5496
0926
6605
7836
6829
5728
7050
5038
0686
5100
5339
2210
3500
3434
4924
3709
2604
2080
3800
3055
3614
4671
5836
1431
3993
3471
6919
9042
1291
3264
7516
7454
9735
4047
8785
2404
5971
1766
1955
0843
9644
9102
7060
2607
2458
2094
4366
7084
5501
5456
0530
9673
7402
3678
1848
3221
4118
1382
4402
7258
0753
5538
2650
0015
5233
6212
0540
1921
1835
2774
4503
5451
3619
4554
6569
6744
6438
1582
3436
2216
1249
2248
7916
0185
4123
7764
8010
4635
9832
3631
3580
7883
5019
9753
2529
1864
7188
8143
0300
7542
2398
4370
0324
8079
9886
5906
0121
8103
2879
2667
2486
7517
5093
9719
6667
4440
4059
7797
2942
8692
6574
0772
3421
7417
2387
3477
0723
5700
0482
3058
4398
8828
5773
6132
8723
2166
6183
7370
0463
5257
4132
6075
0831
8006
6384
5024
0012
1487
1825
3183
7442
0943
5676
3688
6283
1882
6351
8059
7683
0802
0946
6406
3342
2816
0433
7364
8814
1941
3126
0995
2928
8201
1357
2984
0546
2554
4536
1023
6827
0244
7482
1244
6125
2014
0937
2967
1856
1100
3970
0594
5704
8737
9002
1313
4620
9904
6004
4884
5866
3393
3551
5117
3986
7673
6805
6456
4173
5395
0469
2118
3190
3497
9988
2206
4604
0818
0769
7386
7617
2002
6639
9000
9948
4105
2196
4500
8578
5911
7233
8283
1072
1399
8609
1698
7221
9630
4301
6799
6110
3207
7755
5329
8476
9001
7581
7882
1001
0981
3549
3340
2278
5644
5430
7913
6021
2527
4375
6321
4990
3426
3778
2821
0700
8374
5310
2739
0874
5236
0247
6862
8095
7430
1188
3315
9604
1553
6516
9104
6481
8465
7723
1190
8874
1595
6207
8121
1857
0989
3720
2479
7830
8172
7513
7177
7176
5378
0253
2086
9449
7157
6694
4763
2668
7675
3103
5855
3372
5832
4109
2242
9857
9516
8154
1120
8362
3049
4636
2693
2233
9295
3944
8849
7072
6196
3416
1239
7320
3210
3403
2037
5473
4887
2968
1829
6872
4439
4273
4522
5661
4472
2518
3785
4632
5345
0494
8101
4731
2769
1777
7150
6248
3249
4122
1906
7250
1584
2092
5799
1899
0856
7816
2702
3396
9736
5143
4641
1422
4945
6950
1314
3795
5828
3653
5549
2039
3601
4436
3204
3283
3466
6020
4940
1652
3899
3921
9169
6370
2923
2003
1176
1196
2334
1414
8739
1098
1507
6197
6234
1827
5844
0638
2752
4803
4541
6975
5864
7229
6568
0446
9485
1649
3994
0112
2102
7335
8167
3029
5081
7392
4449
7315
0414
4285
0654
0643
7100
4663
2594
2760
7301
1554
8359
7235
1150
5241
5437
0975
2275
0731
9546
3189
6131
4373
2826
2686
7273
3904
6401
1254
7288
9129
7096
2123
5307
1409
5351
7106
0270
8008
3590
5505
9050
3975
4925
1101
1412
0841
3734
6082
9967
2083
9384
5371
4127
1748
3296
2632
6591
2574
3440
7846
1148
4615
3493
1956
5643
4033
5186
0097
1551
8111
6617
6326
6299
1749
5370
0958
5887
1383
4932
2972
1753
1316
6530
2053
4406
3227
5673
4134
8156
2410
4207
4329
4518
9641
2437
9923
5952
1898
8115
0790
5946
0174
6696
7709
1971
0128
4815
3231
1709
7313
9460
5360
5629
0123
4233
1977
4611
5051
1074
5390
5607
2450
0196
8691
9609
7243
2690
7780
4775
7964
1243
5130
1075
7399
5343
9111
2299
5342
6050
5767
9571
1754
0155
3594
6856
1844
8710
5697
4119
4881
1677
3469
0645
7968
2941
3069
1060
6756
0342
6051
6352
4610
5884
8502
5990
0796
3613
8254
3704
9506
6341
2581
2447
0782
5057
4229
7238
6737
5179
0590
0485
3184
4074
0707
7529
9758
0236
5684
4534
6809
3468
4372
5554
3708
8278
3918
3668
3001
4493
1925
1500
0736
0754
0923
0387
0054
2747
3707
6250
5489
8370
8343
8868
6417
0011
4885
8426
5216
6253
8489
5723
8096
4902
3835
0834
3282
3642
2691
7784
6495
1737
3804
4032
3003
3784
2072
1300
7099
3153
8348
7223
7322
3065
3667
7855
2764
4045
7103
5992
2741
7586
6671
0180
9869
7778
8555
0025
5364
0430
3423
6584
0193
4162
3173
3092
3676
1915
8152
5182
0308
0810
4750
3389
6546
5383
6246
3750
5694
2612
6165
4217
0752
4328
7067
2758
0539
2019
8068
6399
6201
1496
1667
3445
1581
7091
4192
2048
0716
2585
3533
4937
5827
5659
5151
2268
6659
1536
7711
3764
4188
5144
3004
1605
2514
2264
2085
4234
5534
6558
1385
7629
2956
3574
2327
6603
2494
1997
8616
0817
7336
6750
0780
6882
5742
6146
6936
1602
2401
8452
2341
7680
1488
0257
0562
4578
4691
6167
1808
5294
9319
5891
2637
5515
1272
3633
9849
6575
0883
5960
7834
4793
5493
7424
4456
8431
1596
0832
5212
0770
7092
8403
2167
4238
3025
0451
8912
7732
7674
8048
6523
3886
4042
4599
0848
7236
7521
7858
7596
6031
0304
3352
5743
7065
5334
4007
0197
0478
3321
5862
6847
6615
2512
1009
1108
5249
6451
4746
4296
3287
4353
6023
1948
2179
2385
3845
5176
2004
4550
2358
0067
7934
7605
4030
0732
4895
5265
3797
2860
8977
3765
0143
3245
4760
5591
2323
5823
2444
0869
6135
5582
7483
7124
3156
5507
8823
7670
8708
6499
3767
9060
7003
3313
5765
8494
2569
6967
0554
7248
3972
2526
5951
2880
1115
2245
5298
7751
8182
0668
5023
0508
1826
1373
2744
7518
8106
1990
6683
4019
8377
0090
2767
0604
7051
4041
0534
2451
3817
6304
9054
0389
0386
9583
1302
1284
5122
4557
0931
0527
0814
9732
7568
8203
2670
6924
0006
9803
2337
3579
2796
9996
1237
4920
4478
0221
7801
1086
4686
0693
7391
3826
4015
0183
1331
7546
3312
9282
9863
0988
7173
4866
7863
3514
2613
3288
0331
7255
0084
4728
7989
7765
0169
8826
2891
1833
1568
7160
5606
6650
3077
4796
8325
1348
7297
7346
7002
7199
2153
4883
6042
0955
3314
7655
9145
7254
8570
6198
6300
5226
6539
6160
1888
7126
7685
6099
4131
0160
4431
4699
3168
2543
6064
4464
1134
0271
1930
3862
1219
5237
0820
6190
5421
3502
4914
2937
0313
6889
0283
4362
9767
1476
9107
3625
2746
1126
2185
2913
8226
3223
2390
4184
5373
8444
3299
7144
2035
2045
3775
0758
0787
1912
4228
2833
1867
0290
0524
3110
7427
5764
9757
1407
5934
1958
6441
0365
6170
0217
3727
2355
0360
2257
1427
1714
3159
2475
1304
1315
7112
1472
4424
6547
1812
5973
1269
3813
0886
2308
0436
5918
7733
5374
0130
2922
5810
4511
6728
8716
0385
1975
0783
7634
8187
5127
6271
3600
1986
9041
6195
1545
7613
7554
5649
2261
4098
9375
5664
4952
5235
2617
2239
3596
0830
2771
5174
3470
4551
7828
6953
1267
1631
2886
0551
8295
6752
7480
2818
7815
0023
2273
5157
2076
3834
6179
1318
3316
1168
2790
1191
7135
6935
5771
7769
0986
7851
3366
8567
4046
0766
5184
7772
8547
0705
4145
7984
2684
8438
7847
2332
2501
0550
8807
9966
0334
1184
1936
3400
0254
0930
8085
5331
8597
4130
2640
3439
3546
2785
0890
2154
2786
7754
6890
0454
8334
2601
3248
4658
7943
2198
3064
2651
7602
5809
6405
1425
2704
7991
7159
3792
6141
9124
1516
9686
5830
4566
9179
3539
1655
7473
8497
7437
8192
7912
7896
4196
0570
5801
0498
3538
1606
4540
5717
5595
7549
5311
8990
4655
3837
6028
1726
4327
0447
2545
0019
8261
2969
2624
0894
6148
5618
1247
5953
5852
6600
6217
8441
1241
7408
9776
6537
1884
8168
7418
2403
1672
5148
6852
4053
7504
5719
3185
7387
7151
1764
0333
2043
8598
9928
0052
0529
2708
6851
6464
2420
7904
5768
5454
9882
1532
7638
6336
4984
8528
1771
5156
8308
1494
9395
0631
6571
7220
7740
1932
0465
4475
4396
6036
3441
4740
3920
4580
4998
0315
8036
6796
8551
2712
5714
5701
7349
3635
1441
4840
7325
8213
1396
9242
9598
6748
9452
7898
7390
9826
9176
9540
0892
1945
0839
4009
6719
3874
5874
5105
7936
1661
3955
4191
6006
7148
5135
7378
3211
7010
0651
8407
2423
3132
7435
1328
4381
0101
8314
1578
1852
4851
2141
2899
5833
8352
1097
2058
8637
1837
7477
1722
1401
7817
0853
8296
1525
5829
2707
2669
5450
8055
5560
3698
8460
4239
7049
2681
0914
6914
2570
0323
9136
4010
5460
1878
0275
5021
7715
3222
0952
0343
6471
9455
8046
7032
5095
9133
3063
5988
2214
8185
2178
3367
4723
7136
5158
5308
1295
0355
0641
3322
6824
2877
5013
2359
5314
8207
4701
8293
4923
4854
0819
0150
4891
0847
0984
5937
5087
9040
2237
0280
5872
1770
9694
8281
7887
7822
1684
8184
0580
8126
3523
8299
0361
3198
5519
7040
8571
2804
0577
0896
6419
2590
6081
7933
3303
6828
4476
5513
8039
1565
4832
8099
1344
4083
4597
1600
7507
4572
0786
3510
6315
2992
0109
6962
5499
3130
5997
1645
8450
6147
4407
3870
3934
5483
0661
7992
1619
6959
6682
1362
3998
7289
3588
3040
4097
4946
6743
3308
3952
4766
1761
5278
6563
7149
3987
5861
3691
1389
3852
1592
5250
4445
7747
0472
0438
6398
2165
5880
5075
3365
0207
1831
6757
1227
7868
6409
3607
0347
3531
5573
0032
1299
2022
9447
5133
6411
4111
1435
6588
1755
1038
1175
1406
1068
7995
7356
8133
8504
4088
3057
6723
1434
6956
4160
7078
8541
5001
1615
0993
8162
2340
3075
0198
9952
3483
3166
2915
6505
2367
3968
4421
6152
3560
2263
3816
2416
7394
2947
8116
7881
4380
1720
5083
2236
8479
2471
5346
2007
5292
8492
1719
8894
7299
6701
4005
2376
7152
9924
0942
1395
1513
6879
1089
2049
0040
6318
0065
6038
0234
4413
8170
2024
9737
3147
4544
0288
6319
7005
1817
1543
7328
2169
7866
3872
3451
2571
7062
0492
4068
4916
8584
7446
2874
9807
0027
2912
1053
3112
8461
7551
3932
4618
4018
7114
4055
0593
1155
4428
2001
5808
1224
3181
1076
3743
6984
2082
1591
5912
8496
9764
6430
6510
1025
3571
3018
8064
4825
3626
6573
3522
2027
6390
4458
1070
3024
1278
8702
4859
4581
6324
0811
0191
1861
3214
7041
0507
8615
2465
1603
0868
1087
8534
7857
8745
2685
0229
1390
3733
0629
6063
0429
1838
7909
0461
4844
1018
0087
2781
2011
5732
6296
7502
3534
7515
3370
1544
2320
7376
5936
4164
8163
2825
8097
7512
3649
4704
4367
7832
1311
2322
2183
0850
3203
4765
1461
8015
7046
4706
6794
8395
6155
5917
2511
4474
6492
7071
2289
4912
4356
5452
3541
3037
9214
3982
2074
3088
5795
7194
9759
8305
7808
2217
0301
4091
2801
2283
8117
8556
9275
2412
3960
4216
7011
2862
1909
0682
0322
7905
5361
8608
6597
2963
7374
5947
1613
4369
0775
0608
0863
7559
0935
8416
4875
8998
0704
4999
2186
5987
9065
7644
3251
2823
5803
2853
1976
4538
2222
4552
7304
6427
9389
5623
7089
0564
4453
5841
0916
2710
3702
8246
0761
6215
0885
2876
7338
5033
2931
6313
3854
4689
7865
8238
4144
7604
2162
1183
5279
1701
3532
0518
2498
1535
0875
5718
7467
4583
2418
2909
5512
1590
0954
2595
8516
6585
6983
5445
2468
0544
9170
9156
2902
5474
7543
6832
2331
6863
3595
4642
8051
0243
0184
4757
3111
0312
4587
5588
3842
5290
0880
5402
7339
7692
1240
5892
9658
4756
4408
6533
8268
5152
4842
7888
6611
1456
6119
2688
3413
1032
5288
1981
1286
4841
6151
8509
6570
1767
0287
6166
4267
0413
8289
5359
3637
7111
2828
6708
2060
2731
5979
5079
5269
8390
7771
8568
4896
1746
4694
8131
9037
4337
1418
0055
1548
4378
5149
6985
2997
7279
6876
6741
5046
7580
2319
2256
7923
1559
9779
0692
7022
7035
8369
0542
7057
5999
6905
2424
0345
8729
1195
3453
1031
1398
0899
6922
0080
1014
0871
1923
1277
2644
1371
6767
5194
6631
5169
0420
0370
9951
2635
9157
7899
5244
6178
1733
5407
0366
7625
4200
8585
6068
1664
5533
8449
7727
6710
8389
7178
4943
1265
7143
5162
5945
9689
9972
4065
2372
9093
7384
1699
4379
7027
1114
5386
3789
3906
0262
5055
8385
1556
9813
0467
4494
6432
8677
6245
6640
8336
3463
7814
1515
4242
6143
6633
5118
2491
6803
2415
7635
7024
6346
4656
8078
2124
6177
3093
0119
5377
1571
6129
0368
1807
1529
6410
3527
1823
5015
2397
1213
7171
7782
6100
6785
8548
3751
4258
0616
5724
7316
5506
6040
2509
2081
4933
1039
7956
3051
5301
7704
0094
5251
6222
5401
4857
7142
5675
6059
0319
7583
0026
7183
2991
3079
7137
2678
8623
6613
1306
5508
1802
4412
0845
3140
3713
4526
7115
4826
1859
4994
0514
3008
0176
4516
0714
6976
2892
3645
3329
8829
5991
9108
4949
5248
4791
5302
8206
7702
5754
6011
4195
5578
0340
5080
5150
6329
0017
3059
5416
7976
4569
3992
8546
2721
4576
2365
3362
5541
9622
2715
1659
1798
9854
2576
2017
6973
0859
5107
2666
6242
6463
5165
4918
1594
0014
4795
7886
4838
6878
0656
6435
7623
5285
8223
1883
6287
2028
3770
3521
5115
4649
2653
8484
4558
2907
6199
2295
1119
9171
4953
5324
8488
4177
6736
5551
6771
4334
5363
5727
8043
2597
2164
9165
4006
3208
5469
2159
0962
5605
4934
5494
8341
5005
2414
7642
0744
6965
4640
9782
0889
5851
5540
8235
5427
3257
7890
7776
8480
2839
4976
7153
2755
3856
2995
1608
8495
1828
6777
7906
8286
6800
6784
0983
3465
2800
2665
4433
1943
7441
5475
6340
4104
0691
6363
3894
6538
4284
8364
0116
1894
1546
2286
9420
3798
1205
1505
3386
7156
4094
0031
1121
5072
4067
4810
6592
4326
1875
2430
6928
8266
4685
4983
9292
2656
4520
8483
2285
1067
6642
8342
1502
7741
3448
7872
0624
5170
5189
5597
7695
0181
6567
5085
9045
1779
9693
3082
5228
5656
3285
1082
9208
5372
3250
1588
6687
2258
2599
7317
2553
6782
2307
2908
3006
1512
1670
2223
7669
4443
1145
1481
7730
4082
8016
7079
5819
0695
7241
4680
0210
8934
0437
0615
5129
7042
2021
8456
5414
5816
4787
3922
0690
5883
3721
7324
7083
6993
6504
3394
1419
0175
5029
6182
4220
5287
4579
5843
0311
4547
8368
6730
1355
0154
5962
2538
2391
1356
4099
4056
5384
3802
6029
6121
4266
2280
7525
4603
2335
5291
1804
5476
7382
0842
3196
1849
5735
6987
6191
1540
5612
6447
3201
0771
5406
3916
2933
5379
0400
0662
2815
6303
2996
3247
5203
9197
4506
0242
8477
1109
5690
3605
0710
8050
0110
7577
0120
9003
5610
1380
3355
6821
5581
7790
8002
3844
7373
6337
0172
1015
2130
3306
6164
1953
8247
2453
4480
3824
3796
5009
1000
8513
7389
0048
3476
2215
6477
2349
7520
7841
1498
7684
6335
0168
3559
7257
1570
5870
8454
6859
0016
3537
5790
6871
8744
1319
3811
7500
2046
0933
1262
5239
5794
7490
2986
7973
7710
4218
4608
4805
3951
4166
3191
6424
0632
0846
5696
3286
7294
3669
9576
3324
5459
1660
7146
3967
4893
8471
5431
1005
0531
6270
7463
5500
5289
1061
7720
1123
0584
7859
5956
4849
9790
1656
6679
5412
8142
7657
8195
7575
9848
1618
6290
2472
7982
1834
4692
3946
0455
3863
9201
1349
3488
4270
7833
9355
8216
3162
6841
3081
1736
5012
5259
1572
3859
0523
1457
7957
8225
1170
2867
8035
2328
7993
0231
2012
3911
0788
3118
2838
4473
9198
2794
5772
2440
4468
6712
6498
7585
8276
2701
5798
4688
5066
7381
9068
5283
5600
0504
2889
4571
4753
2371
2850
0062
5755
4061
9645
6226
2888
1429
4833
4630
7036
0102
1327
8540
9664
0825
7110
7033
1194
7506
0376
6703
8767
7582
0382
5639
4102
7412
9414
1095
9581
8301
8924
1258
5020
6937
3100
3723
0569
4043
5461
7939
8007
1892
7823
4910
3508
6349
8145
6582
3786
1342
4821
2318
5485
1842
5720
6422
7280
5462
4653
4303
1238
2109
7809
6278
2606
8588
7400
1181
3218
4393
8300
4867
5471
4485
0864
3757
1530
3930
1801
6067
2399
4071
2770
7928
1983
5266
3632
4504
3328
5171
6874
5903
5247
4929
2749
0497
3929
4737
4666
4684
8028
8337
6994
0195
7293
3417
1197
0409
6365
1430
4027
4519
0902
5034
4561
7783
5894
9205
3073
1853
5998
5315
3663
5420
7209
7591
1045
3849
0051
5503
5327
9564
2400
7699
8423
9379
1694
3334
1887
6158
7201
1527
5900
1612
5585
2071
8229
2389
5651
3871
0142
6811
5240
0004
2724
7527
8350
6676
6437
8304
4524
0812
3358
6739
3530
7931
8232
6945
4988
0617
1217
7870
3983
1669
7034
6265
8191
0115
4744
2901
2627
1528
8358
5537
6626
5815
2549
0151
4989
6837
1324
7749
1628
0717
1526
5022
3177
8264
4729
9864
5638
5873
7015
7447
1573
7269
2377
5766
7261
4690
0314
2999
5933
9601
0126
4444
5467
1339
7274
7222
7350
1174
0912
6306
5007
3135
9556
1929
6089
2757
8412
1453
1010
2113
6718
9885
5468
7819
6699
0602
9299
8396
1116
2108
1002
8253
5976
5825
8503
7140
7774
5708
2204
7843
7792
2584
8662
4307
8041
3584
7354
7766
0801
5172
1904
5792
6634
4591
5890
2803
8270
1999
5124
2055
7388
5256
5904
7214
3294
2920
0096
0807
4939
5599
3841
7541
8224
7796
4147
1918
7197
0397
1192
3163
6093
6982
1354
7025
3567
6858
5260
6034
1040
0581
0873
0259
8499
0063
2020
4759
3518
2546
7821
3622
3671
3220
3374
3956
7793
1815
0911
2745
8317
4732
4274
6831
6484
4696
7287
3831
6988
3604
7410
0945
0163
9997
7332
2120
5255
1637
2105
3629
1041
6380
2588
1259
2869
2144
1136
1978
3814
6684
2565
0318
5702
1984
3252
6835
9049
1445
1739
7572
7017
6301
3087
3971
8001
0996
4237
3664
2531
1855
4651
7444
1922
2132
2852
5677
0293
7064
3305
7186
5636
7182
3039
9897
3000
4231
5571
2212
2051
8135
9775
6560
3454
4573
1308
2634
6836
7383
1732
7879
8387
6030
1871
4395
8583
8302
5750
1668
6798
2064
0606
0597
8282
5168
2394
2782
4271
4743
2056
7965
7013
8298
7439
3405
3742
3927
1824
3885
4667
8175
2018
4153
4707
6439
1917
8447
0605
1458
3107
5921
4563
1250
7097
3643
2284
1043
0804
5577
8508
3226
2251
0784
5831
2734
3109
3480
5944
6501
4434
9570
4272
6322
6024
1550
1037
3339
5062
0851
4645
7837
6480
6545
5641
4004
2187
3966
2926
9989
6257
4531
1799
3773
0672
8356
1587
3679
3361
1230
2558
1379
8446
0791
0888
4755
8067
3875
3923
4282
9475
6930
3364
7306
4318
4532
7333
5624
3157
6507
8378
1940
9321
3169
4254
3745
2993
6715
7246
0947
6766
6150
7987
3568
0453
3888
6083
3262
3402
6925
5048
1378
5155
8558
6174
2649
6292
3484
5746
3496
6562
1617
5871
4365
2887
7624
8842
6500
6374
6761
7286
6881
4555
2682
8140
3639
7000
3746
7743
6849
7647
2252
2246
4090
3022
6989
4574
9128
4769
9011
8557
5572
7548
1288
0870
7094
0435
2121
6764
5040
9608
1144
3860
5838
3524
3278
2525
3481
8169
3369
8251
6249
2360
7476
7946
1022
5490
4467
9231
3446
1467
3780
3291
6620
5006
7926
4348
0460
3170
4565
2439
8003
4882
1772
0609
5706
0971
5853
7351
3823
7694
8204
8522
3755
5647
3486
2614
8166
3014
1083
7929
2321
7919
6721
8004
6929
5274
3753
9100
7216
5625
4001
7599
3712
5729
3096
6098
6673
8130
0633
1597
3464
4064
3760
4288
7329
6607
6685
2443
5153
8560
8022
7600
2455
2029
8265
2282
2621
7127
9934
0491
8033
3783
8210
5010
3054
2354
6845
7043
9949
0535
7813
0833
4156
3598
4140
6429
6885
0496
6548
1841
4438
6869
8642
6277
1972
9899
3404
0043
1641
6027
3048
1493
7210
2407
2943
2010
2659
4719
0417
7179
7911
6550
4938
3280
0352
4278
9947
0957
6054
4262
3602
9943
4447
5204
0459
5818
5193
0466
7752
1166
2213
0095
3399
5215
0411
4221
9059
9472
8880
8947
4215
3608
0425
6952
7428
8047
4514
2776
8367
6934
2481
5160
6680
8406
2160
3377
0265
9901
1574
4730
5491
2705
4275
6423
6048
1586
7489
7894
7535
7004
1218
6342
3554
0711
7180
7867
4416
4484
2513
1160
0876
3581
3884
8345
3158
2309
4973
1204
1773
4911
2131
9840
0836
1539
6186
6462
1270
7728
8518
4151
2111
3098
0211
7334
7700
5214
7456
6487
1950
8020
5826
5667
1220
3038
4674
4858
3978
0798
5854
5822
1547
2962
5602
8107
7598
7365
6225
7468
9907
2462
1128
7653
3373
9497
0044
2230
1110
3428
3931
8627
6412
1721
3091
8205
5128
8420
0973
6274
9024
2789
8818
3458
3593
4590
4315
5879
1626
7453
4970
5113
1607
7864
1782
3740
5273
9419
3610
1142
0165
6474
7451
8428
3847
1740
4076
5054
7873
7038
1066
0720
2329
4158
8658
1280
6954
8699
2069
4901
4549
6704
3803
3240
3762
5739
7323
1048
4286
2805
6968
3033
6247
3890
2013
0998
7641
7189
7267
1330
8543
4523
0715
4070
3499
8610
6124
4225
4187
4085
6789
8381
4382
7425
4972
9692
8073
3053
3529
8179
5989
7105
5981
8180
1614
8564
1088
4564
2042
7640
3889
4322
7618
4409
7768
6725
0091
7526
7979
9814
0572
8056
5961
3731
3009
6263
2592
6783
7308
5777
6664
9335
3044
6551
6122
7145
0349
7944
0316
0910
1363
7620
1234
1260
2279
0246
3137
6426
0808
8788
7479
2067
2544
3160
1964
0074
4442
7120
5424
6630
8417
4390
4822
5660
0620
2314
1511
5423
3957
6933
6646
6706
7138
0977
3392
5059
3152
4152
6339
1044
0963
4460
3390
6765
4289
4101
0421
6359
7433
8517
6907
8320
8414
4319
7191
7259
2463
3070
4415
2958
0419
4305
8269
0640
6927
0900
1275
2422
3479
8574
7811
2078
6532
0867
7406
1785
7748
5317
5895
6839
4714
5528
4837
4025
0239
4529
2312
3360
4176
5202
2728
7787
7075
9894
3435
9560
0098
2723
2916
3806
4964
1019
2244
3046
3640
0285
8561
1723
8890
3216
8081
1442
1889
5559
2090
7358
7263
4400
4133
8075
2831
8181
5480
8113
0673
4727
6457
1437
0075
7270
3699
4323
5103
5207
1937
7967
6385
9817
8153
2205
7975
2250
0567
9603
8646
1954
4049
7414
0306
5913
3327
5217
4384
5410
9533
7190
5550
7738
4661
1897
6624
3325
0383
6494
6032
3694
5326
1959
6026
7290
4137
8100
0194
3368
2639
4890
4113
2163
6258
0944
0068
3883
5658
6096
8408
7550
3128
1408
0999
7052
3047
0005
4593
1162
7227
5047
6610
9071
7690
7353
2290
5875
7081
0828
0328
9883
5349
6254
6518
8255
4682
2292
3307
0336
0738
1020
0813
7608
4963
5267
3682
2603
1995
5954
7871
4931
3570
5707
1013
0215
3401
2221
0625
3909
1102
1561
3761
7251
9308
7593
3146
1965
5703
0297
4154
9185
4537
3715
3155
6330
3108
9238
6260
3119
6355
0134
2361
2470
6193
1046
8104
9033
0779
6893
3197
2031
2101
8249
3161
1774
8366
5347
1757
6090
6357
6870
6561
6490
8794
9631
2944
8898
7621
6109
8274
3273
6502
0100
2859
5848
7924
1139
0375
1222
6108
9535
3558
4607
4676
3021
1531
2893
8066
3900
9964
4941
8855
0282
3232
8202
7835
2732
3878
3615
9704
4782
3032
7969
9467
0252
3917
7459
4698
3068
5211
7587
0309
1862
8040
2243
2832
7303
4830
4259
0024
2765
1478
0611
4350
0764
6130
5000
2362
2034
3585
3821
3485
5564
7775
1248
9850
2726
2338
5518
8011
6587
6061
7960
8946
0757
6284
0940
7276
8580
3180
7247
8527
8434
7908
5669
0703
9188
8196
6788
7565
5108
2025
9223
2393
3356
1477
2573
4839
3935
8360
3719
2533
1495
4951
7291
8290
5206
5709
5147
5968
4129
0346
7781
4779
0405
5984
7966
9799
9398
0190
5916
2267
4922
3034
6072
3338
5438
6251
6733
1751
0393
3351
7298
7458
8344
0230
4877
9094
8501
7845
3409
2797
0601
4320
4957
1021
3805
4781
3298
2587
7226
7464
3387
2448
0359
8472
0734
6940
1819
8250
2484
2646
1042
5111
6092
8429
3881
0317
2817
7371
9580
4040
2099
8329
7597
0510
6479
4063
4255
3673
0279
3964
1035
6589
0502
6350
7039
4907
5061
6356
6793
8074
3846
6392
1616
6747
1266
3651
7616
3925
4899
2918
0924
6118
7026
3609
1447
6002
5492
6369
3229
0708
2753
2763
4575
5514
1446
5275
0428
0335
4403
3855
3695
5481
1963
3985
9714
6312
2272
1847
0354
2456
5225
3652
6153
1620
7639
2663
3086
8643
7134
6062
1127
7985
2662
6979
5601
2837
8992
4734
8575
3031
5332
8260
7705
7493
5683
2990
2658
5711
3706
2016
4079
0140
1236
1351
6674
6386
0339
4252
7763
1638
5065
7897
0241
2147
2841
1980
3116
4108
6623
5004
5336
1708
7359
6307
8200
0125
5396
4673
6388
6383
1630
1832
8530
4860
6360
8462
8062
6675
1312
7434
3648
4856
2813
6658
7893
1180
7862
6521
5963
0061
5603
2177
7195
1027
0401
1683
4556
4669
8383
9728
5116
6853
5705
9297
0291
5548
5978
6453
5881
2000
2500
1926
2195
2220
7155
8335
8123
0039
3411
2038
0792
0299
2878
1444
9014
1813
5056
3891
9936
0107
1901
3310
8565
4411
2461
9089
7443
8984
2291
3193
4985
7818
8176
0364
0178
1292
5495
9330
6123
1090
1323
5356
5553
8025
5517
0795
9551
0559
9605
3138
7309
0838
6194
9009
5200
6529
2128
7363
2421
9217
2306
7485
4058
7745
4257
5807
2508
8545
3793
2457
8525
5121
7215
0273
6400
5353
4716
5797
5434
1759
5362
1653
0893
9346
1585
6086
6508
7658
1497
7654
4222
4687
3866
1471
0350
2157
2116
8077
8391
9507
5142
6395
6913
1624
4170
9300
1370
8678
0877
5579
2352
1742
8926
2129
0541
2110
1783
6389
8306
3735
1647
6772
3498
4993
8419
4248
8789
9415
3215
3572
6628
7860
7116
3380
6536
7431
0725
3959
0452
5253
4294
3194
3565
0760
4513
4333
5084
1173
3281
1221
0332
0659
6509
4269
2985
3620
6884
5635
0053
3548
0872
8164
6282
6097
6804
7895
7475
2036
4223
4020
5665
0974
2277
1920
2810
0237
3654
5587
4693
5455
0797
3711
9829
7594
1885
4388
2427
8666
2200
6823
6325
4909
1179
5323
7296
3447
8044
7398
3657
0781
9921
2259
9586
7239
4470
7455
1256
0827
7074
7023
2930
3391
0225
6755
5344
1172
1949
5316
0702
8280
0854
8188
6461
2980
8820
1627
5403
1036
0182
4865
8470
0013
3235
5393
0815
2087
6018
7452
2664
6557
3976
8382
0777
4124
0927
4709
9289
7104
6450
0357
8355
6262
0972
2935
6625
0614
3769
7547
1845
3603
3344
8451
4697
3300
6892
1811
3228
9974
7942
6120
2756
1433
7461
7014
6005
1211
2274
7305
0698
0281
7470
1589
0657
9561
1706
2775
8018
3206
3655
9372
5654
6740
6136
9078
8157
5679
3165
5466
0444
3080
5793
6820
3212
8399
6638
2175
6019
1375
1402
4496
4136
0371
3996
8198
4150
4423
2227
0330
7744
1789
8661
3195
2814
0380
3822
1420
9825
2438
2532
1231
2459
0727
9798
1103
2858
0728
2047
2357
3827
6470
0941
0201
1881
3267
6219
7496
9168
5769
4876
8506
0372
2623
1122
1448
3515
0245
7988
8347
7421
3599
2905
5977
5556
7341
5077
3988
1951
9705
7028
8469
3274
4017
7063
7283
3277
3950
3563
4263
4345
4715
3343
5444
1225
2115
4517
8139
3060
0953
7938
6161
4256
8386
4451
1361
5633
6311
7760
5042
0718
3919
8328
4432
3114
3564
0136
0082
2835
4051
3276
7202
3562
0219
5613
2353
5183
7666
5674
4905
7810
5320
8030
6184
4311
2566
5385
7589
0743
5222
6416
6797
6768
7601
6661
6998
5264
5996
4308
9405
1663
1489
0427
2563
4236
5318
5014
3378
5763
0431
4778
7082
3253
7932
0415
7310
4852
7132
0050
7903
1298
6946
7436
6140
2344
5589
6775
4539
0432
3659
4012
6310
1944
6387
9750
0991
5070
8092
1454
7773
7393
0132
5389
3936
4387
4749
7237
0959
8220
3937
5069
5584
5196
2449
2552
5574
4562
2802
3724
0748
1410
3666
8211
0000
5761
7007
2819
1350
3623
6060
9448
6519
5198
0568
7729
1063
5078
6454
6112
6163
4107
6489
5375
3127
2194
2602
1392
5576
4606
6259
2351
4193
0521
2534
0146
5201
9668
8339
3819
3828
5845
1712
5232
0464
1208
5626
7914
3456
2559
4801
1601
1069
3455
0284
9062
8552
3638
2474
6980
2218
5609
8800
7717
9456
8086
8422
8284
8029
6376
5972
7980
7486
6185
6171
8118
6080
5441
5858
6995
5457
1049
4310
5598
1914
0072
2384
3578
6695
9927
8486
3474
1289
8324
4399
4843
6779
4450
3192
4644
9930
2059
3587
6996
4846
6751
2740
2499
5433
0079
3067
8138
3105
3397
0214
0678
2189
7368
9846
5487
7086
5860
4804
0538
6580
3427
9230
0228
2675
5611
6918
1503
0477
0152
2485
4482
8511
4121
1846
4681
3990
5748
6220
6802
1416
9960
5876
2530
3674
5617
6515
0526
0648
5504
8083
6055
2168
5939
0170
0171
4639
2134
4073
5621
1967
8231
8398
4230
6088
7712
3266
1632
1106
0118
6549
8490
2976
7941
6205
6647
7606
1665
5774
5716
3005
2073
7665
6577
7530
5681
4354
6000
3829
3672
5909
1374
5868
2431
5397
3979
1968
4157
3995
2241
4602
2596
0776
6227
5271
9890
2199
1064
1475
1099
1907
0148
5965
5032
2114
4392
2287
0709
3261
6213
7445
2567
1756
7573
6094
0337
7750
7876
1880
7930
8009
7404
0073
3026
2112
4935
8312
4146
4724
5530
1413
4617
1974
3815
6668
0356
5413
6071
5596
7875
4335
4783
5949
7592
3309
5238
6016
6964
1501
8563
4947
1866
8531
7164
1223
0904
7607
8173
1251
0088
8214
0528
0303
8689
6275
4371
7672
5268
7789
7460
2298
2577
0362
3431
8159
3016
0310
8532
4430
9216
3178
6656
4797
8402
7590
9305
2249
1332
6651
5889
4986
0250
3737
1310
8032
3861
3062
7663
0722
2620
9626
8861
5910
0699
2434
0268
9993
8031
4182
8735
2104
2842
4441
4213
2293
0646
4956
2226
0186
7319
8228
6912
2713
2547
8149
7070
0763
8705
8087
9745
1377
4463
6323
4614
4483
7509
2496
5123
8466
3258
4349
7637
9992
2647
2719
5940
8127
8393
7501
6102
1484
8425
6652
7609
0208
0685
0628
5099
5091
8174
6114
2788
1715
9239
0450
8237
6396
0576
5405
4093
5376
6366
7175
7756
5497
0223
3179
7588
0967
2356
3148
1927
4613
3270
0560
3504
3726
5163
7664
4446
2522
1786
3586
0552
3414
2971
2864
3961
1059
5096
7211
5067
8372
7688
1791
1933
2068
8272
7576
7788
4670
6781
0277
3926
8401
5820
8057
2921
1506
0159
3102
2079
5394
1273
3576
8094
2429
4619
7569
6211
0070
8294
4342
1934
8132
7497
7739
6473
4913
6014
8415
6149
6665
7761
7759
8981
6368
8017
5846
5672
3833
1700
4465
2936
1625
2492
7767
5812
2871
2939
7643
1816
8538
2107
1810
9617
6524
6791
5969
2898
2135
5440
8774
2297
3963
1252
2773
8070
6241
6732
6900
7628
1552
8792
5863
0667
2191
7910
5811
2489
4546
7125
6991
5847
4491
0263
6137
4996
2106
1287
9304
0274
7571
8076
0948
7648
6655
6911
0522
5177
7225
3589
3830
6039
0666
4845
7275
2281
5223
7656
2436
5678
4588
3120
3701
3790
9742
0391
3636
4660
0721
0449
3903
0018
4771
4767
5532
9841
2610
3506
7355
8287
4798
5692
5016
7564
3867
4713
6774
4021
0921
1674
3095
3425
6921
2961
6169
5101
1580
7983
8310
4159
3019
2630
7307
5243
2694
7935
5102
0598
2044
3954
2882
2830
4861
8759
5634
3346
4495
0204
9013
2063
4247
4405
7953
4904
3850
7422
6543
2952
3550
6697
2718
5744
0895
6616
0961
0591
1563
7721
8177
3660
0202
4592
6003
5646
6818
3410
8155
3279
7107
7184
0325
2075
4741
3561
4862
0145
5805
4203
7849
1071
2316
7090
4167
7440
7311
8859
7927
2836
5002
0029
5616
6138
2973
0689
0837
2180
7878
6770
3084
4457
1346
0557
8023
3880
6414
0374
4202
4340
1028
2844
1675
3406
1517
6916
6526
4338
0794
7411
3781
4302
0064
9030
2970
4717
2395
7668
2631
6268
1869
6266
4800
0294
2772
5740
6714
3145
7689
2955
2368
5749
1201
1133
4958
4078
2155
3928
5569
0488
9105
9884
5520
1161
0729
1809
6846
2725
2780
9678
1622
4141
5544
8569
9683
5106
2633
2231
7631
2727
4374
6606
8052
2317
7076
2672
8824
4992
1062
3027
3452
2557
1762
6078
0047
7129
2536
7117
6367
3115
8437
5187
5435
3728
8965
4871
3272
3658
6436
5632
5824
6850
1727
7963
8361
6621
4510
1982
7614
2070
4828
4481
4325
0501
7986
5068
4959
7977
3234
5263
8221
0295
5994
0117
9301
3131
6700
0220
2641
6238
7791
1523
6273
7345
3980
5722
0634
0768
1096
5710
6472
1137
9096
7758
3429
5525
1681
4917
7087
8063
6643
4297
1891
8917
7048
3528
3375
1569
6126
6293
3887
4836
6707
1189
1163
5893
2866
6218
1987
8549
0520
4168
1466
4420
2660
9401
4784
6506
5615
7133
2305
7615
3341
4886
6279
7679
8579
2477
3907
8956
6729
9164
0307
0626
8273
5399
9766
8955
4722
9746
6065
0680
4250
0251
6559
4330
1640
0978
8234
7626
4677
2396
0041
5923
7725
8089
5422
5218
2208
4246
0232
3124
0008
5837
7396
2861
7168
0162
9913
0086
0489
5902
6579
5136
6955
8380
6378
3424
6001
4186
6482
6402
2311
4903
2872
5980
2615
5419
3938
5161
3794
0976
5382
5436
7803
6334
5531
7119
7231
0694
0549
0740
5470
6917
6047
6808
3512
4312
2720
7706
7205
2730
9210
2619
4894
2466
4142
2260
7369
2441
7536
0938
8553
6243
5415
5392
4868
9804
1629
2897
0879
0035
8297
0516
8137
3898
2811
0513
4960
8487
3730
0599
5738
3478
1164
6214
4991
3482
3050
1206
3902
7545
6467
6371
6888
5877
1788
3331
2392
1177
7008
6540
5840
0158
3457
4299
5478
0021
3910
6393
6887
1297
1210
7366
5199
2648
1360
0994
7385
6503
2523
1648
1415
1216
5073
7514
4596
5886
5964
4183
5028
2957
1840
2580
7130
0392
6104
7566
7524
4954
6760
1004
7861
2181
3650
8464
0114
6041
0917
2687
2232
6308
0558
4249
5975
0503
7534
8058
6904
6228
3617
9388
8959
3997
0906
5813
6404
0571
2700
6159
6867
0071
5691
2271
2812
2097
4823
9508
6960
2843
2642
6910
2240
1623
2433
9916
2945
6971
8322
7413
3350
2896
9984
7312
0773
4813
6666
3238
4785
1957
2040
6298
2402
5637
8252
2987
6753
1818
8146
2759
7724
1870
1279
0085
4031
0038
5319
6609
8939
6289
1695
4295
1633
3332
0664
3675
0537
7009
7508
6865
1609
4643
2176
2150
2088
7921
4383
3716
1604
1741
9818
5563
2654
3420
3244
8582
1367
8102
0479
1765
9981
8714
0462
6364
8327
2140
4586
1731
7198
0897
7462
4612
3646
6180
6644
6840
3544
0156
4359
0805
3460
6815
0669
0588
8037
0189
2589
4204
6686
5731
7300
4829
3422
4459
0106
0751
0034
2845
6906
5557
1140
6528
5185
8363
0676
6157
4135
6444
4764
7958
7284
6288
6358
2551
2148
8263
0329
2894
6920
3509
6819
0493
1113
7902
5063
3449
2562
4120
4605
8409
4626
6963
9149
3552
9595
2023
7907
2519
8478
8607
8897
9440
8122
3117
9990
0919
5041
8405
5270
0033
6095
1874
3433
5321
7844
6106
4181
5931
6044
8354
5509
7686
8505
3591
1717
4095
4376
6618
1146
5671
6654
9715
7691
8443
2192
6446
9137
6134
0394
1178
6598
8178
3301
0660
6338
2503
1011
0519
8053
0583
0733
2783
3269
6468
1343
6958
6552
3818
7330
4900
2950
5566
8379
4316
1198
2722
3700
8989
6915
8827
6107
6431
1946
5787
9697
5306
6033
8021
6176
5297
6286
7719
6379
0573
5726
9721
8124
7165
2343
8811
6780
7701
1696
3043
3763
2779
0218
2906
5477
8365
6578
0269
2266
4880
3384
7610
1728
6762
8333
2699
3297
1056
1436
7713
4873
4060
1394
7681
1778
3395
4721
4980
5284
4501
5631
1480
6394
5756
4235
7510
8458
5523
6842
5190
2005
3125
5408
2954
1233
0373
8371
6553
4948
2374
9827
4535
2413
6046
6172
4205
5272
4820
4008
6208
0010
9224
2480
4276
8150
1353
7021
5907
8248
4582
6596
4609
5926
4115
5897
0412
9235
1470
5966
0621
4978
5995
2605
2561
5432
5293
2089
8388
6316
7029
2032
5526
9098
4928
1207
5369
5443
3858
5348
4542
3545
4077
1369
6328
2977
7357
8927
3915
5652
5281
1077
2750
0480
5027
1678
0266
2575
4601
7044
6458
5653
2184
1459
3857
6848
0778
1078
7348
1405
0057
4062
3020
2929
5733
3962
1065
8262
8321
5628
6187
0774
8209
6938
2895
6593
6612
6013
2616
6581
1423
0081
0059
7403
9725
3104
3840
2487
3945
3941
9629
3540
1359
2854
1514
7055
7253
7218
5666
5882
0745
0222
4339
5786
5213
2363
5914
1301
3099
4598
1030
2446
5555
4219
9995
8236
0022
2383
5648
8519
0545
4824
4313
8392
7234
3748
7352
6269
1504
1610
4638
7955
7426
3002
6223
2095
6045
1705
2504
5592
0903
7207
1962
5164
4650
8160
6077
4584
2671
4634
8533
5465
3984
5082
3647
4260
7722
1560
0909
2550
6375
1792
3136
1403
5231
2994
8536
6992
0724
3685
2966
6162
4712
6813
4072
1336
2989
2883
4942
4163
0395
7678
9259
6168
2406
9539
4624
1542
5178
5568
8212
0049
7825
5304
1468
5418
0030
1439
4545
7645
8724
9112
1725
2482
6087
6418
0701
0985
6272
4066
3243
5908
3388
1147
0950
1158
5381
5192
5604
6240
3684
4096
6206
3030
2572
0613
0407
3812
3940
6690
3758
7161
1916
7037
4625
2156
1084
8161
8279
4962
2629
3443
6902
5446
4623
8338
7206
0936
3942
2193
4461
6267
3772
3123
0131
7714
7213
7494
7880
1843
7950
2405
5328
2855
4048
7696
6792
2139
6017
3882
7265
8523
3943
0470
1440
5358
7972
5141
3965
6622
8521
2426
4711
6942
4897
2119
4026
5901
2493
1973
9311
0351
0499
3752
4035
7054
5230
4974
5586
1307
0574
6478
0260
4921
7230
5817
0481
0533
0166
7224
4128
5338
8498
1169
7061
4548
4637
4802
2591
5788
8410
3438
9186
6923
1285
6854
2948
0139
3777
9498
2467
0907
6943
1107
7661
3616
7734
6085
4125
4054
8054
3430
3151
3186
6873
8587
6970
2409
4209
5721
5262
1961
3142
3263
2161
0696
3354
3556
0439
0137
2717
7826
4081
4038
6173
1193
1154
4418
6415
0663
0929
6834
5757
0556
4361
4057
8816
8267
3363
7420
1635
6662
3569
6713
9271
2848
6717
5619
8652
8572
1029
1903
6115
1007
1992
0671
3382
1462
3924
0949
5689
5071
1988
0835
3808
4265
3415
7193
9700
5552
9008
2919
4245
0800
4087
4189
3948
5775
1026
8542
1215
4084
5737
3661
5447
8673
7824
0267
4872
6997
6192
3516
6057
0675
1364
3284
3412
7108
3320
0887
3897
6361
3627
8421
0490
4404
3489
4199
3747
6091
6972
7806
0965
6810
6894
2964
7539
1047
3164
8230
0706
3487
0610
4489
7380
2517
3459
6408
9281
2555
7375
7200
7842
3892
0653
3407
1397
6381
6297
9272
1822
6043
3697
3333
3241
2302
6601
0908
1730
8404
9252
3017
0226
6128
3492
7256
6448
3914
6354
2133
9872
5760
4389
5511
7633
3791
5839
2379
7889
7469
8309
9480
2296
8448
1149
8445
7321
8326
5915
6999
8808
5229
5849
8110
5734
0177
6542
3612
6908
5053
7940
0979
2680
2729
8005
4831
2608
5785
8330
8909
4014
1281
5630
1157
1702
1492
7981
0785
0187
0741
8233
8526
0681
1716
4675
9354
7503
7777
1520
6672
0582
5352
3224
3503
1232
6314
8736
1132
6720
6144
7558
1079
8199
8323
2579
5076
1662
1365
7047
2464
8136
5286
0495
8430
3472
7252
6320
2609
6496
6127
1781
0578
4287
7098
3271
4000
2411
6689
4100
2350
2103
2953
8681
1642
1411
5896
8120
7627
7556
5502
4665
7848
2542
4736
0969
1676
2303
3566
6514
7900
5783
6594
2008
5050
0089
6449
7785
4936
3692
0980
7561
5045
6237
3901
0305
7570
2490
7131
5747
0585
2849
7999
7268
0377
1908
1305
8590
7636
4190
0003
1008
4357
1931
6261
0416
1644
9961
1024
1688
3736
8435
6332
4052
8439
3949
6175
2761
6485
2254
0138
2582
8644
3239
2875
1593
1499
8218
9681
2564
2342
2171
7465
5120
5026
9971
9665
5295
4023
5929
2366
8432
4174
3015
4080
7746
8292
0966
2345
7262
0020
3074
2578
4979
3167
5309
2822
6614
4268
1326
3766
5448
3511
3144
6648
4794
5208
5258
7869
4180
1877
1509
2229
5488
5366
1564
5097
9459
4705
8227
6465
7448
5650
9229
7018
5924
5146
4419
4515
4179
7118
7181
1341
5935
9635
6693
1942
2478
3255
2388
7757
7069
4567
3462
1658
0920
5224
7974
5017
8303
0882
2247
2065
5387
2556
0548
6382
6825
1787
8593
2030
3656
6749
0458
2735
4594
6142
3225
2152
3851
1744
1052
9196
6276
4208
3505
6909
7901
8602
3398
4997
6722
3379
7557
5869
5341
7574
9290
7805
4169
4509
1276
7139
1003
3013
3349
8727
3843
1400
2255
1129
4747
5175
4022
2900
1051
0575
4198
8524
0144
0726
7282
5138
0224
5140
3219
9161
7450
1469
3290
0344
2324
7020
0799
4304
0749
0272
8313
6735
5180
4622
0398
2516
8027
0083
7260
4117
3319
1381
0934
1666
2253
4799
3326
6897
9942
1455
4629
9158
5119
7567
1557
1391
6806
0677
8098
8884
6236
2382
1703
8349
5941
3738
6295
0240
6428
6716
5842
6895
1621
2824
6899
5856
7187
6525
2807
3809
0595
3041
2066
8060
2262
2375
2127
1928
5220
5126
4148
3557
5753
1309
2754
6645
3209
2381
3513
0658
5878
5137
9408
8510
1805
6763
7798
1577
9034
8459
0289
1611
2636
0261
8586
0108
3035
1996
3129
1989
6677
6255
5125
1426
7295
5303
3577
4314
2117
1679
4368
7416
3318
1890
2348
5139
9159
4982
5449
0765
1758
8125
8756
0589
6372
5657
1800
9558
3385
7611
0759
5354
0793
3853
2787
8147
2238
2100
7318
4360
1421
3575
3501
2197
1803
3933
3202
1261
7874
0192
5037
5391
1054
5104
1860
0173
3913
2716
2932
3732
5583
2981
2170
0532
4748
1368
2600
2054
3259
8316
1784
1335
4664
2863
8240
6891
0928
8311
7484
7562
0276
8475
2798
7804
3149
4818
3256
8834
9487
8539
8108
3150
5322
3876
2172
7228
1092
2202
4161
5112
0149
2982
4488
4352
7731
1780
7885
8951
4309
0951
3999
4568
4878
5003
2380
8071
1979
8512
2988
5510
7167
3893
6778
0200
7006
1159
9494
6734
2535
5173
6053
4762
4029
8148
3517
6969
2425
3725
1685
6678
4363
2057
6009
2873
6216
7314
5064
6317
7344
5367
7492
8515
4521
0742
0147
6669
4425
2695
6583
6466
4155
4780
7292
4981
6903
1057
7498
5245
1689
1868
5464
3237
7066
6076
0862
2903
2709
5970
2938
2225
0133
5850
0113
4232
3981
0381
4277
5784
3754
0898
1187
4110
1130
0475
2714
1296
7687
7532
5335
2473
1483
0901
4401
8026
1900
4560
6657
3779
1863
5154
3311
4814
4965
0670
4106
4116
2652
9572
5562
5957
8721
4927
5620
7838
4089
2676
8346
8972
2235
3078
6203
6961
7884
6475
7632
6232
9677
7622
1325
4321
4776
6309
6520
5039
1452
7660
0122
3230
6688
3010
5167
2336
5662
4589
0730
2884
8114
5365
6373
2419
3242
2949
4341
5608
7659
6731
0124
4525
4251
2270
5300
3071
4969
1112
4888
5948
5398
4710
7970
7093
8134
6200
1865
7478
7240
8433
9517
2927
6476
1776
7058
5919
5159
3710
1135
6101
0997
5670
8455
5484
7961
4751
7812
3461
4050
0434
7753
4126
7162
8243
5778
6189
2182
3877
8239
3122
6947
6599
3641
8577
5885
6181
4165
2696
6469
7718
0161
3265
3677
1541
4344
5498
2026
8119
5043
0565
2925
3175
7113
7918
7915
5110
0216
9523
5950
4788
9908
9211
2657
0426
4770
4185
9754
4777
2209
3553
5575
2125
0399
4336
5521
3739
6154
6951
8688
4479
8581
2748
2809
4492
3495
3782
2638
3864
2009
5686
0326
7212
3200
0719
8144
4281
2742
0821
4454
6726
8757
2959
2697
6816
3771
7856
0636
6635
8271
4426
2265
2432
6455
1055
6843
1329
9549
4789
2122
7937
4024
2736
2979
1268
4171
5712
5730
8442
6010
4355
3176
8318
4377
3418
6649
0264
6727
5219
2136
5036
6025
6822
0932
6252
5529
2611
5252
7472
9315
3133
2983
0547
2445
0403
4847
1490
6347
7996
1797
2146
0127
3101
3969
7735
5325
0644
0092
7800
1519
1033
1153
5049
6632
1228
7667
0009
1152
0456
7649
4863
6977
6210
2515
4915
0058
4386
2041
6353
6015
8500
5762
6705
0378
7650
0235
1873
4703
6517
7917
8787
2333
8566
7154
0515
6566
2643
8968
4505
1993
2890
6681
9793
0683
9191
4559
1464
5955
7511
1939
7208
6932
0179
5899
4243
1463
4490
2806
2203
6738
4497
4364
7703
9806
1151
2865
7528
6452
8913
9470
7997
7646
5698
3788
4211
9537
4738
2033
2188
6801
9406
8093
3606
7121
8217
3810
3437
7102
1199
1274
9647
6433
0379
4044
2778
2537
5693
7990
7619
4955
1636
2910
3865
2454
7716
3787
2460
5928
4786
8481
1479
5985
6746
7449
2077
3317
0968
3939
2300
4870
1366
1743
1424
6483
0712
9334
0302
8795
1994
1555
6653
5857
3991
3097
4975
7122
0321
1697
6070
5986
8881
0603
4811
4906
5983
0056
4300
5770
2738
7278
5482
3036
6007
4968
1575
4103
3085
1200
6554
6116
3090
7553
5313
3848
6202
2520
5745
0157
7854
3896
2868
4678
3490
3838
2808
0655
2294
5545
8061
5008
8520
2142
7217
1486
1830
5011
8069
6698
9504
0650
5340
7405
5927
5428
8042
9428
3670
7016
9464
0341
4950
2304
1384
8082
3953
1947
6239
1793
1438
6069
5031
6692
0960
3268
0964
8183
6280
4595
1734
5261
2692
2743
2330
3330
3665
7362
4621
3520
1214
9279
4553
9847
3134
4720
3172
2791
9983
5922
4358
9106
2201
4864
3836
7163
0665
1465
2904
0424
0756
6864
7540
2856
6156
5114
0077
4283
1080
7495
6790
6008
4039
2598
6331
6773
4742
1522
0099
6235
1960
0881
0203
2015
7519
0422
8468
3121
3345
3323
1006
0255
0563
0619
2052
9717
1851
0320
5254
2098
0468
7266
0002
7141
3139
1518
7662
3419
9382
1836
8467
2190
5546
4977
5442
7031
2524
7827
9320
0441
7360
0816
1820
7185
4469
3213
8351
7077
1338
0639
6861
3634
6759
3072
5312
7563
7737
7073
8190
6511
3292
1704
0512
7466
5282
0586
2846
1760
3681
9325
1093
4194
5645
1814
1790
0857
8424
6491
1729
4410
8618
8544
6229
9511
0592
4700
0652
3205
4898
7552
2495
8259
0445
6440
8712
0630
9286
0697
7277
3555
1322
3908
5195
6012
1924
3768
0213
8222
5898
5715
1333
5094
5942
5098
8440
5536
6204
9778
0111
6117
5090
4971
4347
5642
8357
0069
0093
0840
0925
7603
7523
2276
1682
9632
7707
7232
6637
6855
5035
4817
1794
7922
5782
5867
4264
5018
0824
8193
5751
4662
1432
2301
0688
2313
6833
8151
6522
6079
3113
1966
8158
7831
7892
1567
7533
9043
0737
6981
3467
6944
7560
7128
9874
6814
7693
4508
0396
5060
5558
8242
6838
0561
7407
2364
4850
6886
2370
4807
4292
0028
8000
6556
2548
2940
0992
2269
1118
3260
4240
4646
9910
2224
6105
6590
0536
1650
8620
7340
2762
4835
4422
5527
9596
1775
3582
3776
4075
5299
2143
5736
1821
5380
6901
4498
1209
7677
1911
7994
1034
6817
3630
7019
3989
4987
6898
4507
1404
7302
1718
1538
4855
3061
7457
0471
6602
5695
8376
3007
1358
9267
9963
6377
8427
5821
3542
0849
7166
1443
7147
0406
6022
0104
8889
5547
6576
9468
