9816
2457
6248
2667
0565
0662
5565
0231
3815
1653
0127
6347
7709
5139
0408
8064
2906
0405
4384
6268
8888
8215
1895
3347
0386
1019
6810
2436
6874
1863
9449
5270
0515
0268
5780
6629
1628
6983
0522
6055
0965
0374
1675
8910
2950
6333
9083
0642
7193
1968
5043
9851
6490
2391
0285
0462
3859
4052
6230
9887
3855
0161
7325
9162
6341
0090
7223
1410
5135
0242
0247
6233
4258
3955
9830
9933
1147
0198
1470
0305
3664
1570
0296
6284
0602
3406
3662
6918
6270
7159
6566
5349
0811
5172
9858
4459
7214
8497
0063
7189
9783
5160
3117
5971
4550
0839
9075
0359
6675
8507
2610
1506
5507
6622
8230
1244
0243
1074
3557
5545
5596
0558
0361
0126
2035
0050
9626
8041
0214
0490
3062
6203
0363
8832
9835
0787
2472
9426
4012
8206
6264
0933
2191
9510
9579
7091
4042
0452
5311
8751
0667
9481
9991
5013
3997
7053
4188
5979
7179
5165
7725
6563
3061
0915
4339
1333
0859
1020
8769
8719
2878
2215
0196
8626
7966
8062
9563
7852
8512
7335
9185
3275
5363
3181
5645
3983
8711
6511
2513
7249
9072
6054
1458
2189
0373
5123
8605
1310
6765
6500
2979
0461
5434
4523
4563
0437
0786
0652
0634
7623
3413
2948
0621
3014
7955
5617
5972
2310
6031
0207
0188
5916
6753
4189
8256
3373
0125
5747
7103
0391
9407
2678
0064
2982
5789
6901
9164
7165
2750
0304
5646
3599
0741
0875
1099
2688
0648
0044
3625
5900
6680
8567
0521
4776
0233
4271
1631
9109
3936
5344
7760
6698
1616
7023
2399
4947
8031
7558
2602
6619
6942
3188
1284
0051
2084
5437
6663
0865
4970
6068
3218
1919
2034
9231
7298
1763
0222
8370
0665
9588
2888
0666
4622
5345
5572
6130
3242
5803
1285
6532
6386
5210
5712
4593
2882
0165
0424
2964
1393
6671
7764
0907
0872
7851
5876
0520
8104
3286
0451
5622
4065
8613
7446
5480
8012
1915
0221
6046
9270
3937
2400
4450
6335
1847
2338
3280
4590
2999
5218
8974
2481
7656
0115
0368
0568
2783
0796
8258
0351
7894
0081
7313
0853
4703
2429
6771
1656
5643
6349
8308
4691
5232
3661
3292
8101
0101
2116
9998
7939
6960
1411
0797
6616
3422
9476
6533
7906
3156
5946
9119
4206
4073
0273
0151
5268
7267
9444
1607
9889
0498
1843
0833
8962
2248
0559
0533
8240
0418
6866
0696
0024
2074
0575
0946
5731
0564
7767
1379
3068
0672
9518
0223
2259
2200
6183
1241
6607
2744
8202
9908
0062
0244
6503
2668
2715
0473
0103
2741
0889
0701
1630
8527
2016
4292
6785
6478
0164
5685
6338
5710
0843
8050
8120
8544
1162
4839
7924
7247
0354
7711
9962
3449
0111
4724
0623
8195
4994
9541
3249
9580
6833
4184
0228
0254
0518
5318
1641
2423
7660
0571
7823
0416
4262
7636
8080
8390
4240
2033
5687
5982
3840
8584
0314
6118
0444
0479
3412
5477
5551
7929
5246
8762
2023
6832
8384
5175
2394
8651
3588
1106
0220
0446
0612
8835
2478
0041
0468
5505
0496
0502
9082
8858
1460
9606
2317
8053
8505
3803
9156
0097
4831
9134
9452
3865
3914
0430
2336
0070
4232
5497
3124
9648
3016
1239
3259
5678
9880
0146
3038
0079
9781
0694
0484
5864
6947
9063
6791
8070
4642
6269
0582
8868
3913
6740
0129
8890
4987
1371
4076
0973
6465
4096
1219
0539
5346
8375
5647
0138
7327
7479
6981
4511
0094
1997
8720
6385
3999
0661
6291
6181
8347
0107
8454
2583
7659
0776
0389
6700
2309
0961
6328
1682
9862
1055
9436
1563
7704
1361
0112
0394
7342
7714
8855
0659
0485
7578
1426
1798
4619
0201
0383
8980
5374
2728
0087
7941
9980
4591
8503
0854
8114
4418
2216
0392
0147
0488
1754
3000
0624
9192
3569
3656
0711
5025
8348
3185
2803
0531
6685
0771
5487
4833
9878
7755
0370
3119
3023
6300
2628
0397
0607
8039
3352
3344
9661
5124
3121
5745
0765
0017
5560
1738
0114
0499
3873
3947
1203
2195
1119
0281
5241
5459
8520
6914
0239
8740
7217
9450
5588
0319
4704
9752
9591
6098
3078
8228
9268
0106
2298
8023
0280
0348
2425
0083
4001
8697
4808
7836
6702
7425
5050
0757
9370
4981
0225
0560
3447
0113
6826
6879
4407
5904
0372
2469
0532
0856
5181
2866
3496
8663
0579
0497
0219
0894
7048
7771
1097
6082
3460
6506
9501
0963
1787
9300
4924
4599
1493
3472
8556
9116
7187
5341
1350
7689
5348
2056
0128
6967
1536
8687
8622
4136
0547
7773
2571
6618
9241
9785
8519
5221
9953
0182
2442
7378
3161
8898
3353
2846
4415
6853
1428
6161
1591
3322
4463
0317
0264
8726
0504
4359
0807
6587
0078
3826
5766
5675
5486
5695
0235
9686
1228
3563
5208
7750
1145
1538
1003
4706
8590
0441
3759
3448
5242
8864
0241
3297
5380
8457
3949
1450
0619
0918
3648
5084
0534
0072
2372
0514
0474
8595
2526
0159
4234
7909
9488
0828
3775
0508
3475
9385
6686
0916
3005
6396
0640
0617
6551
9598
7627
0644
5125
9945
4225
0500
3876
0404
2900
1367
0123
7866
7435
2362
1975
2965
6974
0646
1290
8766
1534
5488
5630
0898
4406
2704
2758
9975
8672
9274
3261
1319
0695
6190
4466
9279
4214
4744
5873
9169
0286
3199
7167
0629
3906
3336
6542
1838
4457
0584
8175
9503
9986
0633
1207
4427
0380
5075
7884
4698
0032
0030
6865
0837
4728
8814
2418
5449
4497
5917
9834
4715
5674
7743
6472
4297
5905
0942
7602
6172
1941
0885
3550
9983
9008
0724
5496
8463
9898
5390
0084
2605
8052
9313
9384
0217
5022
7417
1432
0726
9120
0635
8352
8440
9276
2662
5483
1023
8915
5394
1911
4489
3630
0338
1126
0301
0727
8727
6123
4655
7192
6917
2855
9720
4936
5650
7392
2169
4093
7872
8850
9800
3847
9570
2933
2411
9187
2756
1353
9043
5603
5756
8671
5718
0329
9464
3420
2325
8877
7545
0545
0075
9944
2760
6516
1991
0216
0669
2358
4750
0772
0751
5860
0637
0181
0654
4308
3966
8404
7754
4960
7720
5392
3490
7538
4394
8339
6295
7982
2606
1575
3115
4002
0795
0756
7668
0551
2148
6019
0549
0136
0503
0184
6032
8571
7640
9347
0651
8867
1608
7635
0172
3697
0058
3494
2633
5195
2692
2582
0065
7287
0486
3458
1650
4462
6129
5636
2275
7352
5400
0526
0977
9750
0826
3294
0131
6388
6102
9292
7664
4224
1056
2546
4755
7498
6580
5406
2164
0731
1015
3673
8453
7811
2459
0700
4676
9181
4413
7696
4344
0459
7326
2049
2773
9571
2849
4148
3565
8281
0953
1782
8489
2843
9074
1611
4324
7504
5081
1346
1208
8058
0653
0322
4351
7286
0541
4290
8750
2638
6196
6610
0252
2848
6034
5870
0275
5947
8488
6364
9804
4454
8879
6684
0020
7227
7553
0152
1930
0689
4729
8029
0838
2176
7140
0857
6104
9417
9833
9207
8178
8641
4659
5631
0704
1211
6598
2742
5225
0426
7028
1163
7238
7619
0585
8369
8546
0068
9807
8521
0450
7953
3713
3511
5892
3349
1890
6436
0008
6145
0433
8245
7314
0105
1944
7612
5794
6290
2197
9919
4852
7344
7686
1830
3244
2175
4068
1453
5282
8337
0335
2809
6603
1746
2929
2850
7061
8021
0764
0715
3858
4851
0947
3383
9585
5079
3024
0202
1610
1475
8071
3792
1585
5368
6573
0204
8931
6312
3608
0042
1935
0922
2901
5107
4840
7857
0420
1016
7027
1769
6856
3229
9335
6157
0226
1008
9325
9250
1433
8321
7808
8019
0509
5133
9680
9430
4634
2903
4927
0379
6111
4254
7607
0205
0542
3317
4958
6775
4527
5820
0406
1923
1512
3593
3358
1931
6989
8690
2050
0735
8759
2960
3295
0449
3899
7014
6331
0320
9549
0663
1201
0557
7774
9431
0736
5862
0442
0836
0581
6934
0868
5399
1382
2594
7305
9774
8401
7322
0753
2921
4802
0613
9357
7661
8566
7821
6862
5444
9189
2738
0015
0993
8377
7458
7164
1995
7980
6042
4648
1893
0251
3987
7629
0200
7002
5018
9766
4064
7960
5087
0108
0148
4658
7341
7309
6189
8621
7959
3547
6084
3454
4601
5301
7025
6712
8034
0100
6625
5813
7161
8920
9772
8965
8311
1788
2146
3529
8516
0747
1554
9344
5973
1916
7957
0260
6475
0022
5381
9445
4551
3670
9188
0716
0210
8297
0492
4811
1092
3064
7782
9554
6835
0074
1152
9149
9791
5654
2613
5353
0057
7104
6265
3148
0234
8301
8872
8884
6079
0410
5376
9684
4650
0366
5010
3162
0678
5447
2488
6064
3842
4378
9935
4964
2412
2702
4885
0956
8856
7397
4119
2917
8468
7359
3187
1299
0574
0099
8518
3590
9584
0440
4775
1238
0926
6009
1553
7201
2593
0059
9583
2515
7797
8598
1240
6201
0213
0905
6482
7170
0873
3659
4616
2541
0155
1715
8295
0005
5549
1799
8227
0941
8170
0631
7162
0270
3605
9423
3981
3629
8216
3833
9716
0003
5024
9003
1368
1717
4957
7203
8372
3456
5519
3591
0501
0917
2311
1790
4772
5304
7460
5641
3204
0877
2290
4929
0827
6845
7885
5844
7678
5679
4954
8044
4374
1827
3603
0466
8998
2723
0752
4361
5613
0746
0029
9651
1672
9107
9353
1473
5156
9864
5600
1728
2485
4685
0238
2860
0415
2864
5333
0150
9486
0326
6936
8159
0028
7888
9784
2612
6813
4602
3363
6803
3433
0321
8661
8002
5931
7126
8343
0475
9696
1803
2109
0448
0439
0830
0882
5824
2420
2243
7382
0431
0798
7102
3618
4522
9897
9301
6367
8861
6836
9939
6743
1858
7794
2796
0194
5312
2324
0792
2151
3910
5592
0529
5295
7897
0212
5894
4587
1091
5922
0761
3607
9551
0693
9534
2923
0616
0849
6496
7114
0178
7739
4022
6107
1151
3111
0472
3047
0263
1824
5373
0844
1221
1721
3787
2480
5179
1024
9260
0179
5372
6316
7355
9507
3195
0061
7573
1049
6980
4976
7832
8647
0744
2158
0384
6303
4664
0802
2961
4048
6167
1770
1747
7127
6311
4305
6217
7944
0192
0793
0660
0089
6633
6844
2079
0402
0561
0902
9905
0510
0527
0812
1173
0303
7156
0390
9524
0594
3764
6676
5542
1405
9726
4672
0337
3631
9677
1199
5891
4071
0959
6173
1342
8903
5713
6428
1791
6589
0639
6314
0710
8618
7770
9233
0577
0435
0077
1928
9582
5001
5441
0027
6204
7241
0230
3554
2697
0555
9132
6186
4150
2504
0272
3013
1974
4334
7997
7443
3886
4674
4455
1825
9206
0790
2936
2637
1474
4040
0470
4468
0888
4111
0984
3409
8886
9976
0156
8790
5339
3766
3959
0562
1745
0871
3926
0506
0356
6368
3846
1813
9214
9295
4031
4285
0769
0119
0295
5554
4973
3957
0733
5741
4556
0193
8471
9914
3045
8432
2601
7517
8146
0599
6691
2527
5274
0137
5986
3200
5062
0236
8171
0728
6124
6864
9536
0878
5530
9693
9511
4486
0928
7575
6492
0141
2683
8357
7271
8862
0292
6139
7147
4862
8909
6716
4900
7003
0763
7468
6414
6105
0603
5288
5945
6440
8310
9521
0586
0130
4633
3365
7838
3284
0881
1084
6859
2245
0460
0388
3530
5701
9544
8792
1918
8277
5229
3875
6945
1524
4860
6251
8305
1052
5100
3935
7810
3069
2969
9005
7734
5029
1529
0609
7839
7566
0770
0283
6860
7594
4360
1102
2401
4967
1924
6956
0952
0563
7900
6352
7874
9442
8765
0851
8169
2185
5814
1842
6839
0708
9870
7293
0517
6191
3040
9343
0703
4681
8129
9744
1521
8113
0328
2868
0229
5326
0166
6609
1397
3380
1499
6188
1018
8092
5137
0293
9121
8152
4701
6843
2437
0311
4726
0341
0593
4781
4909
4097
5292
6418
5202
1613
6882
7647
7190
3838
9920
9372
3852
8379
1759
1662
3058
6508
8901
4720
8087
2462
2983
0814
0312
4019
0331
0829
9940
8331
9465
7166
8298
7445
2162
7194
3253
0591
5285
2611
5980
8514
0958
9024
9204
1063
4445
3432
0912
6245
5669
6929
0093
3031
4152
9968
3255
1378
0269
9379
0284
0336
3575
2572
4157
0025
2520
5831
3558
0095
5976
0271
8487
7970
8317
4809
3481
8396
0140
4907
0737
2989
0909
3346
6000
1115
5525
7260
1064
3436
5533
6906
6529
9820
6252
4585
3485
8536
7751
6162
6512
1978
0458
1680
0596
8531
0139
6483
3051
0185
6783
1161
0052
8705
0767
4363
4506
2318
2986
0650
6232
0353
0638
1987
4500
2255
9126
9964
1659
2007
6796
7534
5049
0154
0445
8405
7307
5438
2785
5377
0454
5273
9286
2904
0038
4089
2587
0775
0556
0203
1540
9458
0706
9530
6941
0076
8335
5974
5154
9273
6272
1880
6083
8490
6219
0315
9642
9112
7120
1242
1503
3307
5283
5457
4058
5397
7693
1555
8431
3793
6281
1149
8913
3717
0037
6066
8200
4083
1014
3821
3892
6985
0294
6546
7231
6872
5017
2154
3414
5092
8133
8778
7548
3332
8007
7938
0323
0739
7597
4938
3116
0387
3908
9824
3912
0874
5213
2308
8570
5199
1960
4651
0779
4935
0730
7419
0001
3208
0021
9477
4592
6998
7524
8188
9267
3562
5953
0929
0191
8099
2577
8265
0175
9310
3435
0277
0855
8943
0785
6271
3542
5791
0013
8973
2862
2294
0966
4695
6387
6479
6039
2010
6398
0190
3141
4481
9587
9739
0169
0840
1809
1665
9732
1026
0690
7716
2328
5067
8797
5902
3785
3377
2730
2537
0643
1313
3932
0627
4666
8534
0671
8051
8268
8771
2545
5120
7275
0396
0381
8577
3686
0369
6581
4668
1040
4320
0411
4255
0698
6072
6438
7903
9868
5414
1758
9356
2332
0745
8061
4904
2041
9196
3883
0227
0174
8235
3867
4217
0208
4677
5196
4024
8451
5255
3520
2464
1329
0211
0409
0053
8645
1541
0601
1046
2211
9778
4996
5193
3617
9437
2698
1304
8043
2780
9637
0804
1984
8592
3462
2811
1683
9552
3126
5841
9272
6235
3270
7999
5940
9059
0098
6403
9809
6762
7334
7987
0860
8848
5230
4401
0398
7365
5970
7240
3423
0091
8857
3571
7070
2194
2193
0831
7035
3219
1200
9093
0414
0604
0738
2508
6642
8880
0143
0493
2322
6324
7651
5765
9103
2909
8956
7843
7994
1443
0890
0824
3088
0324
9754
6194
8157
1180
4494
0835
0011
9001
8496
0810
3271
4512
5021
0347
3182
4626
8958
0237
2031
0187
9731
9484
3543
0330
2876
5995
3180
8620
1595
2339
7063
4491
5226
6558
9641
5989
1697
7710
6342
1701
5047
3149
4817
1069
7762
2981
2415
6894
7067
0620
1072
3453
1942
6944
0349
1264
5089
0436
2127
0525
4228
8418
0049
8538
5351
1884
1035
0316
3660
9401
7437
5878
3240
3109
5708
4041
0274
0823
6912
2821
9395
4774
1038
1339
7056
6805
8491
0794
2474
1963
5407
0467
9615
2737
9525
8037
7983
6393
8137
0333
6996
0261
1913
6723
7786
6160
0536
8183
3241
5114
0248
7904
9482
9578
2384
5320
8907
0016
3953
1638
8135
1618
1101
1029
7390
2894
5443
6982
7141
0513
6051
2448
6923
9965
0755
2208
3829
9340
0318
8930
6330
0906
5901
0784
7813
0809
8986
0834
3786
5499
4896
8276
6062
4568
0970
6778
9212
6656
1412
0901
2119
2549
1691
7972
2576
0788
8184
0910
7925
3302
9133
0144
4165
0385
5615
0255
2618
7943
3969
8448
0364
1476
3578
0528
0291
7312
2851
9412
1194
6002
7412
2090
6927
5823
6959
2070
1635
7618
7814
0713
2020
0554
5835
4968
7639
0055
8130
4210
8126
4573
6093
2419
0718
7698
7032
0641
9902
5963
0600
2562
1869
0791
9200
1487
1950
5296
9996
0588
9888
2804
3476
2815
7173
3531
3197
9236
2068
5206
9546
4697
2055
0628
3381
4645
3714
5898
3862
7228
9184
9158
0365
0511
0342
8513
0523
5651
8214
6451
8484
4121
2519
4223
2634
5593
6905
5070
7613
4328
1060
0919
3746
5334
3434
5582
6972
5548
5715
0686
0173
3927
5369
5668
1955
0658
3917
9794
1579
3517
3034
4722
4187
1227
0883
8190
8089
4242
8024
0685
3922
0887
1657
9393
8363
4131
0245
2085
6997
0552
2251
7600
9840
9561
2111
6681
6661
3911
9054
0866
9695
0821
0346
7653
0134
7251
5250
8412
0848
3958
2143
0158
8565
6984
0067
1103
5284
3820
8874
4146
6014
2383
0655
1117
9216
6456
2484
6665
1767
6045
4919
6861
7366
3991
0862
7876
2370
0163
8822
7007
8154
1921
4779
5760
3784
5427
7100
0135
9906
4741
3835
1731
4490
8196
0455
0618
0121
1005
7242
1819
1951
9013
0677
8640
1369
4443
3904
6224
0325
6705
9429
4201
9095
0709
8319
5890
6718
2844
5709
6751
0920
1170
6757
0080
0632
5882
8925
0332
0417
0419
4931
3175
7934
8997
5435
8356
2766
8289
7346
4784
8603
2103
0913
8937
0168
1667
7717
0688
8804
0298
0157
5358
2097
5244
3379
0288
4667
5759
0867
4371
0004
4027
0896
6752
0232
2575
1446
7571
5352
2540
5705
3920
0879
0567
9454
0086
8132
4901
9859
6222
1406
3287
0702
8782
0045
9725
9702
0313
8257
0742
9451
4256
9086
0040
0464
4212
0014
8122
5184
1794
3600
2036
4953
6829
4313
6234
3637
0278
0393
6266
1564
0046
5662
0580
9522
0944
7471
6163
0434
7440
0861
4864
9225
2022
3221
2725
7645
0218
8992
4086
4335
0355
3172
3009
5861
9345
9865
3105
1133
0903
0597
7175
9261
0256
2302
5513
9389
3276
3265
8801
8632
4424
0656
6065
9611
6473
0626
9886
3082
2086
3540
0679
4138
5338
3450
1539
5263
8515
2569
7669
2523
5410
3251
9922
2403
0334
9006
1188
5606
7824
4070
2407
2615
0720
0257
5580
0142
6048
3737
2396
7418
3343
2684
8840
8887
7248
4688
1619
4215
4975
6595
8636
7456
9987
7239
3007
5306
9706
7617
8624
7163
5748
9177
7059
1183
9957
9058
0133
9740
9400
9963
7284
7119
2047
4028
8747
1647
0808
7094
7514
4101
4579
7948
3482
7757
0489
9814
8341
1615
8499
0895
0026
1845
0803
0117
0425
0478
4749
6748
0299
0118
3748
7984
7784
5579
2138
0350
0465
7806
0309
5132
8032
0806
4222
4186
0537
8283
5868
3429
4483
6615
9543
9183
6164
3757
2500
0899
0427
9386
8525
8982
0622
6113
1593
7826
1332
4317
9483
9537
7483
4289
1258
5310
7816
0407
0880
5851
8067
7168
7722
0606
9016
8243
9329
9845
6714
5440
1122
0900
5409
5237
4020
4474
8834
4125
9243
3368
4368
8252
4738
7908
0897
8000
4399
4740
9719
1828
7956
5003
8638
9619
2252
1153
8224
1522
7363
0344
6653
8233
0082
0056
0904
8117
6999
5212
5256
0884
4231
7922
3239
8586
5888
4107
1075
0306
0262
4175
0403
5656
8168
3586
1274
1146
6526
8327
1120
9084
0712
3118
0376
9298
0668
0611
2153
0122
2672
6339
0395
0773
1840
0009
6126
9247
0012
0345
0605
0543
0610
9215
2496
5958
6695
9299
8746
1993
4147
4381
4063
9100
1661
8561
0377
0719
3282
8127
4492
0340
4176
0477
4168
6370
8875
0378
0676
1360
2157
3942
2996
1550
7019
0595
1817
9088
6053
1144
7506
6259
0813
1111
0258
2232
5926
5147
0759
4913
6174
2650
6426
4785
7721
2555
0924
0279
8131
2623
6258
3392
0491
6976
0869
3303
4608
8994
0447
7601
8900
4553
0743
0820
2323
9977
7907
1594
0819
4124
9098
1202
3986
2886
9873
6453
8528
2262
3620
6409
6298
0938
0224
4270
0799
8285
1805
3171
7820
3705
5140
9639
1459
7552
3732
2374
4095
2229
0036
3888
2440
0308
5573
0847
0034
4765
7380
1272
5248
7297
0000
4350
7967
4528
8929
2004
8627
4055
6673
3940
3233
6786
9796
2720
0705
2053
6672
3962
6132
6025
8470
4949
3446
8537
7469
6659
4589
6077
9852
1383
6444
0782
2014
4532
1067
0590
8533
2682
0852
8509
1416
9687
0116
2393
8579
0664
2206
3810
7705
2409
4366
0249
9603
9632
1330
5019
6795
9277
0160
8710
2528
1706
6597
2585
4767
4046
7494
7492
0538
2745
4342
5150
7990
0199
0583
0657
9664
7474
0587
6554
9387
2316
9557
8596
5918
8392
5927
7210
2040
7095
0816
7357
7918
2819
6731
4893
3385
9118
3416
1041
0149
1435
0300
0990
9337
5742
0428
0758
1334
6329
4204
0625
3743
8926
5879
9146
6953
0801
1257
3232
8055
5008
7681
7589
8770
2800
5000
0421
3818
5602
3459
2963
3902
6008
7621
0412
5672
0482
9217
9663
9595
9067
5764
6360
5300
0085
2987
0054
4275
0592
2254
7232
6085
7873
5116
6812
1821
2877
6452
7081
2597
8936
1806
6477
4441
3050
2226
0006
0360
2172
0453
0673
3092
0714
0197
6056
1994
2566
5883
6392
0876
4218
0266
1279
6699
4759
0778
1989
5929
0102
9035
1764
3740
3776
8254
3790
1852
8983
0124
2432
8025
0732
0789
3203
0681
5987
1289
8947
0456
0783
7998
7105
2365
9560
3015
0153
2621
0544
2913
5571
6514
7188
4554
1437
6585
0265
3206
7037
1031
5257
2165
1116
3488
8854
0066
7442
4660
4169
0768
3163
9197
2524
1849
6877
6177
0357
3165
0991
9930
6016
4115
1399
6142
8147
0524
2729
6741
5698
5781
4892
0170
5384
0645
7066
7178
3707
1472
3972
0980
7643
9572
5015
8479
8443
3466
7336
0553
4461
3788
3147
9359
2330
4625
8823
0692
4637
3266
0167
7031
2486
7532
8294
3066
9705
6707
2052
5616
5574
9676
0914
3623
3234
6875
5207
0171
3327
7584
4905
7038
2434
9801
6413
0483
3850
9841
5893
8735
1937
7634
9682
0734
2865
9877
7715
0039
1609
3938
0636
5761
5064
0598
7367
9981
4132
3170
8813
0457
0805
6627
9556
0494
6152
4689
1464
0725
2716
4799
9901
3008
8831
4482
1166
0923
3189
1214
9508
0073
5924
5736
3313
8655
4709
0886
0550
8474
6830
1730
8748
3264
9849
5247
5726
0870
9555
4948
0863
9368
5664
0180
6788
0367
7300
9844
2997
7082
5999
7235
0815
0310
3044
4294
7582
8652
5992
8576
5692
1186
2588
3212
7670
3581
0195
9879
9354
7756
2608
6208
2889
3083
8231
1795
0697
0512
0209
7075
6178
9263
1740
5433
4813
1752
4220
7321
4700
6646
0019
0267
6088
4859
9970
9308
4127
1461
8540
2212
2830
5265
7200
2360
0721
6437
0841
5448
5370
0540
3321
8602
0519
3225
3919
9303
2283
6466
0954
0023
0189
0699
8193
2926
3411
2426
0481
2693
5834
4428
4778
1532
0832
2751
5122
4867
3805
6020
6099
0035
6548
6116
2293
4154
5846
7515
9761
3238
8548
9435
8358
3084
3500
6961
1562
0762
4855
0683
4100
9374
0749
3316
5684
3046
0818
9717
1606
2240
9627
8136
1297
4295
6733
0246
7800
1736
1982
0429
9712
0443
7434
1693
0891
4045
6074
3227
0573
0774
5093
4639
2915
0911
8552
8223
9396
0375
7837
4946
0754
1739
6185
4174
1252
8125
0413
8737
4078
4330
4690
0002
0048
0680
0943
9672
0109
0463
0289
6922
3903
0817
7654
0546
0422
0950
2366
0572
0717
6410
6979
1500
4868
0729
4723
6658
0687
8845
2910
3137
1724
0071
7989
7878
4423
6501
0120
2775
0162
9836
0487
7777
7622
4444
4736
7637
7250
1317
0864
3916
0507
0675
3355
5729
0740
5923
9966
0927
4631
0297
7761
1663
0921
7958
4918
8426
1445
6299
3426
7563
7072
3190
3760
6969
5978
1494
9493
2199
5342
8889
5261
8954
7981
1176
3525
0343
1420
1302
5343
1251
3360
9742
6535
0290
1392
0842
0822
9127
0183
9533
0287
5090
2264
8015
6292
5462
0589
2430
2507
1372
0132
7916
0535
9736
0282
0908
0630
8013
4670
0576
6692
9640
0033
7000
0088
5527
9854
2940
7050
7256
0471
5550
0358
5583
7362
2731
3619
4179
3879
4832
0047
4307
6528
3871
3678
6756
1954
8828
3749
5450
8575
9823
0566
1866
2327
4533
3128
9618
0382
0399
7295
3824
0476
5066
4561
3299
0608
0615
5002
3291
7763
9607
6570
6987
0893
0031
0892
1327
3136
0176
1492
6246
2823
3765
9182
0307
0423
0722
5944
9224
0104
3814
0110
4432
1118
7259
7576
0614
0469
8018
8529
0766
8006
2295
0250
7630
7796
9599
7294
9364
2076
0060
3421
5618
2624
6855
0850
0007
8296
8407
2599
4989
2833
0845
1625
4429
3689
1772
7354
3797
0018
2352
3552
8745
5463
1322
0043
1348
0569
0998
5957
0781
0750
9060
3389
7593
8502
0723
6024
2445
0480
6704
7317
0516
8504
4889
0748
6114
5127
0096
4267
4853
9913
0780
9769
2149
0253
8244
9376
3298
6926
3642
3473
8036
0177
2221
4453
4535
3827
2884
0215
7308
1882
3683
5138
9422
6966
5921
3345
7729
5118
5969
5159
2210
0925
4390
0649
0259
5426
7288
5512
1232
1716
0707
1749
3366
3893
1645
1854
9089
4643
0674
1218
6307
8103
2734
0530
1418
9604
8517
6278
7961
0684
0186
7718
9478
3310
5238
2995
6789
0858
4419
9960
6895
7444
0276
0777
5933
2410
1022
8221
9805
1818
0438
3724
7740
9609
4686
5267
2441
2907
8681
8326
2483
0069
6539
9033
8730
6522
6038
7522
2631
9911
6027
9636
7401
2392
9305
0092
4993
3984
1883
9390
5478
1466
6075
0339
0371
0800
4219
0647
5997
0505
6654
1463
1936
8477
4795
3640
7339
8323
0682
4519
1169
1981
0302
0846
0010
0570
4805
4373
6640
1065
3364
9735
8777
0578
1010
8863
0400
2253
7730
1979
1725
6255
0670
3574
6613
8313
1501
9787
3735
3263
0240
6652
2652
6441
8600
4487
6971
5398
0495
5639
7462
9202
9749
1391
1484
8366
0432
1404
5290
1831
8541
7871
0825
5095
3391
0935
0206
1481
8682
2776
0691
7406
9128
0145
2614
2841
0548
6060
4906
0327
7459
9738
0760
8142
3677
9404
0362
4226
3925
1729
6668
4030
1816
5722
4810
3951
3461
6015
1263
0401
8673
4545
3492
0352
9234
9147
7889
3685
5130
2398
4725
